NAME	= analytical_shading
DESCRIPTION	= 
UNIT	= degree
DATAFORMAT	= FLOAT
DATAFILE_OFFSET	= 0
BYTEORDER_BIG	= FALSE
TOPTOBOTTOM	= FALSE
POSITION_XMIN	= 356177.4068277699989267
POSITION_YMIN	= 3863272.8383587701246142
CELLCOUNT_X	= 1750
CELLCOUNT_Y	= 1250
CELLSIZE	= 0.1977255399990827
Z_FACTOR	= 1.000000
Z_OFFSET	= 0.000000
NODATA_VALUE	= -99999.000000;-99999.000000
